3.49562      0.85414     0.749902    0.192743    43.5233     2.02056    42.4332    84.1096
-4.48093      1.10482     0.485446    1.6233    9.09081     3.35892    46.4863    18.1803
2.77587      1.3555     0.22099    1.05385    24.6584     1.19727    50.5394    2.8
1.69624      2.10753     0.427622    1.34551    21.361     1.71233    8.69876    7.98009
-4.58072      2.35821     0.163166    0.776062    36.9286     3.05069    12.7519    6.76006
-0.600683      2.60888     0.89871    0.206615    2.4961     0.88904    16.805    0.69
0.616613      2.85956     0.634254    1.63717    18.0637     2.22739    20.8581    16.0003
-2.6406      3.11024     0.369799    1.06772    33.6312     0.0657477    24.9112    2.36
3.89686      3.36092     0.105343    0.498274    49.1987     1.4041    28.9644    3.81
-0.700477      3.86227     0.576431    1.35938    30.3338     0.580809    37.0706    4.53001
2.81724      4.11295     0.311975    0.789933    45.9014     1.91916    41.1237    4.64001
-2.74039      4.36363     0.0475188    0.220486    11.4689     3.25752    45.1768    1.18
-3.76035      4.61431     0.783063    1.65104    27.0365     1.09587    49.2299    65.9557
1.73761      4.86498     0.518607    1.08159    42.604     2.43423    53.2831    5.44003
-0.800271      0.115663     0.254151    0.512146    8.17159     0.272579    3.33619    5.07002
-3.86015      0.867696     0.460783    0.803805    4.87424     0.787641    15.4955    3.9
3.93823      1.11837     0.196327    0.234358    20.4418     2.12599    19.5487    5.80004
-1.92002      1.61973     0.667415    1.09546    1.57688     1.3027    27.6549    6.89006
2.85861      1.87041     0.402959    0.526017    17.1444     2.64106    31.708    10.4901
-3.95994      2.12109     0.138504    1.95657    32.712     0.479411    35.7611    2.43
1.77898      2.62244     0.609592    0.817676    13.8471     3.15612    43.8674    14.2302
-2.01982      2.87312     0.345136    0.24823    29.4146     0.994473    47.9205    2.59
1.05923      3.1238     0.0806798    1.67878    44.9822     2.33283    51.9736    3.32
-4.05974      3.37447     0.816224    1.10934    10.5497     0.17118    2.02674    2.16
-0.0796946      3.62515     0.551768    0.539889    26.1173     1.50953    6.07985    5.79004
3.9796      3.87583     0.287312    1.97044    41.6848     2.84789    10.133    9.03011
-2.11961      4.12651     0.022856    1.40099    7.25237     0.686242    14.1861    0.979999
3.25985      4.37719     0.7584    0.831548    22.8199     2.0246    18.2392    8.5101
2.89998      4.62786     0.493944    0.262101    38.3875     3.36295    22.2923    6.43005
-0.179489      4.87854     0.229488    1.69265    3.95502     1.2013    26.3454    1.01
-3.23937      0.630575     0.43612    1.98431    0.657664     1.71637    38.5048    1.37
1.1006      0.881253     0.171664    1.41487    16.2252     3.05472    42.5579    9.78013
0.380848      1.38261     0.642753    0.275973    47.3603     2.23143    50.6642    92.7014
0.0209726      1.63329     0.378297    1.70653    12.9279     0.0697815    0.717284    1.94
-3.33916      1.88396     0.113841    1.13708    28.4954     1.40814    4.7704    2.56
3.30122      2.13464     0.849385    0.567632    44.063     2.74649    8.82352    85.2898
-0.379077      2.38532     0.584929    1.99818    9.63051     0.584843    12.8766    3.41
-1.39904      2.636     0.320473    1.42874    25.1981     1.9232    16.9298    4.39001
2.2216      2.88668     0.056017    0.859291    40.7656     3.26155    20.9829    2.82
-3.43895      3.13735     0.791561    0.289844    6.33315     1.09991    25.036    4.09
1.50184      3.38803     0.527105    1.7204    21.9007     2.43826    29.0891    9.77013
1.14197      3.63871     0.262649    1.15095    37.4683     0.276613    33.1422    2.91
-1.49883      3.88939     0.998193    0.581503    3.0358     1.61497    37.1954    5.03002
0.422218      4.14006     0.733737    0.0120565    18.6033     2.95332    41.2485    10.5701
-3.53875      4.39074     0.469281    1.44261    34.1709     0.791675    45.3016    2.15
-4.55871      4.64142     0.204825    0.873163    49.7384     2.13003    49.3547    3.31
3.34259      4.8921     0.940369    0.303716    15.306     3.46838    53.4078    5.17002
2.62284      0.393453     0.411458    1.16482    46.4411     2.64509    7.51407    409.018
2.26297      0.644131     0.147002    0.595375    12.0086     0.483444    11.5672    1.88
-4.6585      0.894809     0.882546    0.025928    27.5762     1.8218    15.6203    26.3505
-1.69842      1.39616     0.353634    0.887034    8.71129     0.998506    23.7265    1.47
-2.71838      1.64684     0.0891779    0.317587    24.2788     2.33686    27.7797    2.68
-4.7583      2.1482     0.560266    1.17869    5.41393     1.51357    35.8859    0.929999
-0.778254      2.39888     0.29581    0.609246    20.9815     2.85192    39.939    7.64008
3.38396      2.64955     0.0313541    0.0397995    36.549     0.690276    43.9921    2.94
-2.81817      2.90023     0.766898    1.47035    2.11658     2.02863    48.0453    0.83
2.66421      3.15091     0.502442    0.900906    17.6841     3.36698    52.0984    4.29
-4.85809      3.40159     0.237986    0.331459    33.2517     1.20534    2.1515    2.92
1.58459      3.90294     0.709074    1.19256    14.3868     0.382046    10.2577    3.53
-2.91797      4.15362     0.444618    0.623118    29.9543     1.7204    14.3109    3.27
-3.93792      4.4043     0.180163    0.0536711    45.5219     3.05875    18.364    4.63001
0.504959      4.65498     0.915707    1.48422    11.0894     0.897107    22.4171    3.51
-0.977842      4.90565     0.651251    0.914777    26.657     2.23546    26.4702    8.96011
3.78521      0.156332     0.386795    0.34533    42.2245     0.0738153    30.5233    5.44003
-3.01776      0.407009     0.122339    1.77588    7.79207     1.41217    34.5765    2.44
2.70558      0.908365     0.593427    0.63699    38.9272     0.588877    42.6827    32.0106
-1.07764      1.15904     0.328971    0.0675426    4.49471     1.92723    46.7358    7.10007
-2.0976      1.40972     0.0645151    1.4981    20.0623     3.26558    50.7889    1.49
-4.13751      1.91108     0.535603    0.359202    1.19736     2.44229    4.89517    0.69
0.906204      2.16175     0.271147    1.78975    16.7649     0.280647    8.94829    2.05
-1.17743      2.41243     0.00669131    1.22031    32.3325     1.619    13.0014    2.57
-2.19739      2.66311     0.742235    0.650861    47.9     2.95735    17.0545    28.3006
3.82658      2.91379     0.477779    0.0814142    13.4676     0.795709    21.1076    2.4
-4.23731      3.16447     0.213324    1.51197    29.0351     2.13406    25.1608    2.51
-0.257266      3.41514     0.948868    0.94252    44.6027     3.47242    29.2139    64.5154
2.74695      3.66582     0.684412    0.373073    10.1702     1.31077    33.267    3.8
-2.29718      3.9165     0.419956    1.80363    25.7378     2.64912    37.3201    5.39003
2.0272      4.16718     0.1555    1.23418    41.3053     0.487478    41.3732    2.86
1.66733      4.41785     0.891044    0.664733    6.87285     1.82583    45.4264    5.13002
-0.35706      4.66853     0.626588    0.0952857    22.4404     3.16419    49.4795    6.42005
0.947575      4.91921     0.362132    1.52584    38.0079     1.00254    53.5326    5.73004
-2.39698      0.169888     0.097676    0.956392    3.57549     2.34089    3.58572    2.01
-0.456854      0.921921     0.304308    1.24805    0.278141     2.85596    15.7451    0.63
3.1482      1.1726     0.0398522    0.678604    15.8457     0.69431    19.7982    2.41
2.78832      1.42328     0.775396    0.109157    31.4132     2.03266    23.8513    16.5103
-3.51673      1.67395     0.51094    1.53971    46.9808     3.37102    27.9044    38.0096
2.06857      1.92463     0.246484    0.970263    12.5483     1.20937    31.9576    2.27
-0.556648      2.17531     0.982028    0.400817    28.1159     2.54773    36.0107    16.1903
0.988945      2.67667     0.453117    1.26192    9.25098     1.72443    44.1169    1.64
-3.61652      2.92734     0.188661    0.692476    24.8185     3.06279    48.17    1.96
0.269194      3.17802     0.924205    0.123029    40.3861     0.901141    52.2231    8.23009
3.90932      3.4287     0.659749    1.55358    5.95363     2.2395    2.27627    4.98002
-1.6764      3.67938     0.395293    0.984135    21.5212     0.0778491    6.32939    1.99
3.18957      3.93005     0.130837    0.414688    37.0887     1.4162    10.3825    3.7
-4.73628      4.43141     0.601925    1.27579    18.2238     0.592911    18.4887    1.43
2.10994      4.68209     0.337469    0.706347    33.7914     1.93126    22.5419    3.6
-1.7762      4.93277     0.0730132    0.1369    49.3589     3.26962    26.595    3.24
-4.83607      0.6848     0.279645    0.42856    46.0616     0.284681    38.7543    4.94002
0.310564      0.935477     0.0151894    1.85911    11.6291     1.62303    42.8075    1.66
-2.89595      1.43683     0.486278    0.720219    42.7642     0.799742    50.9137    18.0003
3.23094      1.68751     0.221822    0.150772    8.33176     2.1381    0.966818    2.24
2.51119      2.18887     0.69291    1.01188    39.4669     1.3148    9.07306    25.9605
2.15131      2.43954     0.428454    0.442431    5.03441     2.65316    13.1262    1.7
-2.99574      2.69022     0.163998    1.87298    20.602     0.491512    17.1793    1.74
-0.0356603      3.19158     0.635086    0.73409    1.73706     3.16822    25.2855    1.22
-1.05562      3.44226     0.37063    0.164643    17.3046     1.00657    29.3387    1.97
0.351934      3.69293     0.106174    1.5952    32.8722     2.34493    33.3918    3.04
-3.09554      3.94361     0.841718    1.02575    48.4397     0.183282    37.4449    6.19005
3.63218      4.19429     0.577262    0.456303    14.0073     1.52164    41.498    8.5001
3.27231      4.44497     0.312806    1.88686    29.5748     2.85999    45.5511    10.7302
-1.15541      4.69564     0.0483503    1.31741    45.1423     0.698344    49.6042    3.31
2.55256      4.94632     0.783894    0.747962    10.7099     2.0367    53.6574    17.7003
-3.19533      0.197     0.519438    0.178515    26.2774     3.37505    3.71049    269.101
-4.21529      0.447678     0.254983    1.60907    41.845     1.21341    7.76361    27.0405
-1.25521      0.949034     0.726071    0.470174    22.9801     0.390113    15.8698    8.7001
-2.27517      1.19971     0.461615    1.90073    38.5476     1.72847    19.923    61.7856
0.393305      1.45039     0.197159    1.33128    4.11519     3.06682    23.9761    1.09
3.67355      1.95174     0.668247    0.192387    35.2503     2.24353    32.0823    27.7105
-1.355      2.20242     0.403791    1.62294    0.817837     0.081883    36.1354    0.66
-2.37496      2.4531     0.139335    1.05349    16.3854     1.42024    40.1886    2.38
2.59393      2.70378     0.874879    0.484046    31.9529     2.75859    44.2417    19.4103
-4.41488      2.95446     0.610423    1.9146    47.5205     0.596945    48.2948    29.2706
-0.434837      3.20513     0.345967    1.34515    13.088     1.9353    52.3479    2.87
1.5143      3.45581     0.0815113    0.775705    28.6556     3.27365    2.40104    3.18
-2.47475      3.70649     0.817055    0.206258    44.2231     1.11201    6.45415    7.88009
0.79455      3.95717     0.552599    1.63681    9.79068     2.45036    10.5073    4.09
-4.51467      4.20785     0.288143    1.06736    25.3582     0.288714    14.5604    2.04
-0.534631      4.45852     0.0236875    0.497917    40.9258     1.62707    18.6135    2.86
3.71492      4.7092     0.759232    1.92847    6.49332     2.96542    22.6666    26.8005
-2.57455      4.95988     0.494776    1.35902    22.0609     0.803776    26.7198    2.52
-3.59451      0.210556     0.23032    0.789577    37.6284     2.14213    30.7729    96.5722
1.91555      0.96259     0.436952    1.08124    34.3311     2.65719    42.9322    39.5494
1.55567      1.21327     0.172496    0.511789    49.8986     0.495546    46.9853    3.89
0.835921      1.71462     0.643584    1.3729    31.0337     3.17225    1.09159    181.43
-0.73422      1.9653     0.379128    0.803448    46.6013     1.01061    5.1447    6.25005
-1.75418      2.21598     0.114672    0.234001    12.1688     2.34896    9.19782    1.57
-3.7941      2.71733     0.58576    1.09511    43.3039     1.52567    17.3041    14.8602
3.03654      2.96801     0.321304    0.52566    8.87146     2.86402    21.3572    3.48
2.67667      3.21869     0.0568485    1.95621    24.439     0.702377    25.4103    2.96
-1.85397      3.46937     0.792392    1.38677    40.0066     2.04073    29.4634    23.9005
1.95692      3.72005     0.527937    0.81732    5.57411     3.37909    33.5165    4.06
-3.89389      3.97072     0.263481    0.247873    21.1417     1.21744    37.5697    1.51
0.877291      4.47208     0.734569    1.10898    2.27675     0.394147    45.6759    1.07
-1.95377      4.72276     0.470113    0.539532    17.8443     1.7325    49.729    2.22
0.15754      4.97343     0.205657    1.97009    33.4118     3.07085    53.7821    2.38
3.07791      0.725468     0.412289    0.261744    30.1145     0.0859168    11.9415    4.31
-2.05356      0.976146     0.147833    1.6923    45.682     1.42427    15.9946    6.88006
1.99829      1.4775     0.618921    0.553404    26.8171     0.600979    24.1008    3.97
-0.113437      1.72818     0.354465    1.98396    42.3847     1.93933    28.154    26.1205
1.27854      1.97886     0.0900094    1.41451    7.95224     3.27769    32.2071    0.889999
0.918661      2.22954     0.825553    0.845063    23.5198     1.11604    36.2602    28.6406
-3.17331      2.48021     0.561098    0.275616    39.0873     2.45439    40.3133    19.0103
0.19891      2.73089     0.296642    1.70617    4.65489     0.292748    44.3664    1.51
-0.213232      2.98157     0.0321856    1.13672    20.2224     1.6311    48.4196    1.76
-1.23319      3.23225     0.76773    0.567275    35.79     2.96946    52.4727    30.8806
3.11928      3.48292     0.503274    1.99783    1.35753     0.80781    2.5258    1.03
-3.27311      3.7336     0.238818    1.42838    16.9251     2.14616    6.57892    2.14
2.39953      3.98428     0.974362    0.858934    32.4926     3.48452    10.632    46.7282
2.03966      4.23496     0.709906    0.289487    48.0602     1.32287    14.6852    9.18011
-1.33298      4.48564     0.44545    1.72004    13.6277     2.66123    18.7383    5.30003
1.31991      4.73631     0.180994    1.15059    29.1953     0.49958    22.7914    2.91
-3.3729      4.98699     0.916538    0.581147    44.7628     1.83793    26.8445    10.8702
-4.39286      0.237669     0.652082    0.0116997    10.3304     3.17629    30.8976    76.5179
0.24028      0.488347     0.387626    1.44225    25.8979     1.01464    34.9508    139.443
-1.43278      0.739024     0.12317    0.872806    41.4655     2.353    39.0039    10.6201
3.52053      0.989702     0.858714    0.303359    7.03302     0.191349    43.057    44.4985
-4.49266      1.49106     0.329803    1.16447    38.1681     2.86806    51.1632    15.3303
2.4409      1.74174     0.0653466    0.595018    3.73567     0.706411    1.21635    1.15
-1.53257      1.99241     0.800891    0.0255713    19.3032     2.04477    5.26947    9.08011
-2.55253      2.24309     0.536435    1.45612    34.8708     3.38312    9.32259    30.2306
1.36128      2.49377     0.271979    0.886677    0.438313     1.22147    13.3757    1.04
-4.59245      2.74445     0.00752281    0.31723    16.0059     2.55983    17.4288    1.36
-0.612408      2.99512     0.743067    1.74778    31.5734     0.398181    21.4819    47.4081
0.281651      3.2458     0.478611    1.17834    47.141     1.73653    25.5351    10.4201
-2.65233      3.49648     0.214155    0.60889    12.7085     3.07489    29.5882    1.74
3.5619      3.74716     0.949699    0.0394428    28.2761     0.913243    33.6413    8.6801
-4.69224      3.99784     0.685243    1.47    43.8436     2.2516    37.6944    37.4097
-0.712202      4.24851     0.420787    0.900549    9.41115     0.0899506    41.7475    1.28
2.48227      4.49919     0.156331    0.331102    24.9787     1.4283    45.8007    2.02
-2.75212      4.74987     0.891875    1.76166    40.5463     2.76666    49.8538    92.6414
-3.77208      0.000547101     0.627419    1.19221    6.1138     0.605012    53.9069    0.03
1.40265      0.251225     0.362963    0.622761    21.6813     1.94337    3.96002    82.6292
-0.811997      0.501903     0.0985075    0.0533144    37.2489     3.28172    8.01314    15.4403
-2.85191      1.00326     0.569596    0.91442    18.384     2.45843    16.1194    19.2903
-3.87187      1.25394     0.30514    0.344974    33.9515     0.296782    20.1725    3.09
3.60327      1.50461     0.0406837    1.77553    49.5191     1.63514    24.2256    3.6
-1.93175      2.00597     0.511772    0.636633    30.6542     0.811844    32.3319    3.11
2.52364      2.25665     0.247316    0.0671859    46.2217     2.1502    36.385    4.42001
1.80389      2.758     0.718404    0.928292    27.3568     1.32691    44.4912    9.57012
1.44402      3.00868     0.453948    0.358845    42.9244     2.66526    48.5443    17.3803
-2.03154      3.25936     0.189492    1.7894    8.49193     0.503614    52.5975    1.28
-4.07146      3.76071     0.66058    0.650504    39.627     3.18032    6.70369    20.3904
-0.0914202      4.01139     0.396124    0.0810575    5.19458     1.01868    10.7568    0.879999
3.64464      4.26207     0.131668    1.51161    20.7621     2.35703    14.8099    3.68
-2.13134      4.51275     0.867212    0.942164    36.3297     0.195383    18.863    3.88
2.92489      4.76343     0.602757    0.372717    1.89723     1.53374    22.9162    1.33
2.56501      0.0141033     0.338301    1.80327    17.4648     2.87209    26.9693    0.08
-0.191214      0.264781     0.0738447    1.23382    33.0323     0.710445    31.0224    5.68004
-2.23113      0.766137     0.544933    0.094929    14.1674     3.38715    39.1286    93.8516
-3.25109      1.01681     0.280477    1.52548    29.735     1.22551    43.1818    27.3605
0.765637      1.26749     0.0160209    0.956035    45.3025     2.56386    47.2349    4.29
-0.291009      1.51817     0.751565    0.386588    10.8701     0.402215    51.288    6.15005
0.0458858      1.76885     0.487109    1.81714    26.4376     1.74057    1.34112    15.5403
3.68601      2.01953     0.222653    1.24769    42.0052     3.07892    5.39424    8.6001
2.96626      2.52088     0.693741    0.108801    23.1403     2.25563    13.5005    10.2001
-0.390803      2.77156     0.429285    1.53935    38.7078     0.0939844    17.5536    3.12
-1.41076      3.02224     0.164829    0.969907    4.27536     1.43234    21.6067    0.909999
1.88663      3.27291     0.900373    0.40046    19.8429     2.77069    25.6598    9.07011
-3.45068      3.52359     0.635917    1.83101    35.4105     0.609046    29.713    8.01009
1.16688      3.77427     0.371462    1.26157    0.978009     1.9474    33.7661    0.27
0.807007      4.02495     0.107006    0.692119    16.5456     3.28575    37.8192    2.26
-1.51056      4.27563     0.84255    0.122672    32.1131     1.12411    41.8723    3.45
0.0872561      4.5263     0.578094    1.55323    47.6807     2.46246    45.9254    7.27007
-3.55047      4.77698     0.313638    0.983778    13.2482     0.300816    49.9785    1.74
-4.57043      0.0276595     0.0491818    0.414331    28.8158     1.63917    0.031668    50.8875
2.28788      0.779693     0.255814    0.705991    25.5184     2.15423    12.191    14.8602
1.928      1.03037     0.991358    0.136544    41.0859     3.49259    16.2441    159.132
1.20825      1.53173     0.462446    0.99765    22.221     2.66929    24.3504    13.3302
-1.71014      1.7824     0.19799    0.428203    37.7886     0.507647    28.4035    2.9
0.128626      2.28376     0.669078    1.28931    18.9237     3.18436    36.5097    28.8806
-4.77002      2.53444     0.404622    0.719862    34.4912     1.02271    40.5629    3.33
3.40888      2.78512     0.140167    0.150415    0.0587894     2.36106    44.616    2.69
-2.8299      3.28647     0.611255    1.01152    31.1939     1.53777    52.7222    3.55
2.32925      3.53715     0.346799    0.442074    46.7614     2.87612    2.77534    9.66013
-4.86981      3.78783     0.0823428    1.87263    12.329     0.714479    6.82846    1.24
-0.889774      4.0385     0.817887    1.30318    27.8965     2.05283    10.8816    51.4874
1.24962      4.28918     0.553431    0.733734    43.4641     3.39119    14.9347    16.2203
-2.92969      4.53986     0.288975    0.164287    9.03163     1.22954    18.9878    1.07
-3.94965      4.79054     0.024519    1.59484    24.5992     2.56789    23.0409    2.09
-0.989568      0.291894     0.495607    0.455946    5.73428     1.7446    31.1472    127.159
3.45025      0.542571     0.231151    1.8865    21.3018     3.08296    35.2003    9.30012
-4.04944      1.04393     0.702239    0.747605    2.43692     2.25966    43.3065    7.06007
2.37062      1.2946     0.437783    0.178158    18.0045     0.0980182    47.3596    1.78
-1.08936      1.54528     0.173327    1.60871    33.572     1.43637    51.4128    5.56003
1.29099      2.04664     0.644416    0.469818    14.7071     0.61308    5.519    2.73
-4.14924      2.29732     0.37996    1.90037    30.2747     1.95143    9.57212    6.49005
0.571242      2.54799     0.115504    1.33092    45.8422     3.28979    13.6252    6.05004
-1.18916      2.79867     0.851048    0.761477    11.4098     1.12814    17.6784    15.2403
-2.20912      3.04935     0.586592    0.19203    26.9773     2.4665    21.7315    11.2302
3.49162      3.30003     0.322136    1.62258    42.5449     0.30485    25.7846    3.56
-4.24903      3.5507     0.05768    1.05314    8.11241     1.6432    29.8377    0.81
-0.268991      3.80138     0.793224    0.483689    23.68     2.98156    33.8908    8.4701
2.41199      4.05206     0.528768    1.91424    39.2475     0.819912    37.944    5.75004
-2.30891      4.30274     0.264312    1.3448    4.81506     2.15827    41.9971    0.72
1.69224      4.55342     0.999856    0.775348    20.3826     3.49662    46.0502    16.8103
1.33236      4.80409     0.7354    0.205901    35.9502     1.33497    50.1033    7.35007
0.612612      0.30545     0.206488    1.06701    17.0853     0.511681    4.20955    6.20005
3.53299      1.05748     0.413121    1.35867    13.7879     1.02674    16.3689    11.7302
-0.46858      1.30816     0.148665    0.78922    29.3554     2.3651    20.422    3.96
2.81324      1.55884     0.884209    0.219773    44.923     0.203451    24.4751    8.79011
2.45336      1.80952     0.619753    1.65033    10.4905     1.5418    28.5283    10.8002
-3.52846      2.06019     0.355297    1.08088    26.0581     2.88016    32.5814    21.2104
1.73361      2.31087     0.0908409    0.511432    41.6256     0.718513    36.6345    4.27
-1.58833      2.81223     0.561929    1.37254    22.7607     3.39522    44.7407    45.1684
0.653983      3.06291     0.297473    0.803091    38.3283     1.23357    48.7939    4.33
-3.62825      3.31358     0.0330171    0.233644    3.89584     2.57193    52.847    0.61
3.93423      3.56426     0.768561    1.6642    19.4634     0.410282    2.9001    11.3202
3.57436      3.81494     0.504105    1.09475    35.0309     1.74864    6.95322    8.03009
-1.68813      4.06562     0.239649    0.525304    0.598485     3.08699    11.0063    0.19
-3.72804      4.56697     0.710737    1.38641    31.7336     2.2637    19.1126    13.6602
-4.748      4.81765     0.446281    0.816963    47.3011     0.102052    23.1657    2.89
1.77498      0.0683281     0.181826    0.247516    12.8687     1.44041    27.2188    42.0889
0.695353      0.820361     0.388458    0.539175    9.57133     1.95547    39.3782    10.7502
-4.8478      1.07104     0.124002    1.96973    25.1389     3.29382    43.4313    6.27005
-1.88772      1.57239     0.59509    0.830835    6.27397     2.47053    51.5375    2.79
-2.90767      1.82307     0.330634    0.261388    21.8415     0.308884    1.59065    2.18
2.89598      2.07375     0.0661781    1.69194    37.4091     1.64724    5.64377    3.82
-4.94759      2.32443     0.801722    1.12249    2.97662     2.98559    9.69689    0.899999
2.17622      2.57511     0.537266    0.553047    18.5442     0.823945    13.75    2.02
1.81635      2.82578     0.27281    1.9836    34.1117     2.1623    17.8031    6.26005
-3.00747      3.07646     0.00835431    1.41415    49.6793     0.000653198    21.8562    2.9
1.0966      3.32714     0.743898    0.844706    15.2468     1.33901    25.9094    4.44001
-0.047386      3.57782     0.479442    0.275259    30.8144     2.67736    29.9625    9.26012
-1.06734      3.8285     0.214987    1.70581    46.3819     0.515715    34.0156    3.35
0.0169722      4.07917     0.950531    1.13637    11.9495     1.85407    38.0687    33.7803
-3.10726      4.32985     0.686075    0.566918    27.517     3.19242    42.1218    2.77
3.29722      4.58053     0.421619    1.99747    43.0846     1.03078    46.175    4.03
2.93735      4.83121     0.157163    1.42802    8.65211     2.36913    50.2281    2.94
2.2176      0.332562     0.628251    0.289131    39.7872     1.54584    4.33432    597.131
-3.20706      0.58324     0.363795    1.71968    5.35475     2.88419    8.38744    7.92009
-4.22702      0.833918     0.099339    1.15024    20.9223     0.722547    12.4406    1.94
-1.26693      1.33527     0.570427    0.011343    2.0574     3.39925    20.5468    0.58
-2.28689      1.58595     0.305971    1.4419    17.6249     1.23761    24.5999    2.95
0.0583424      1.83663     0.0415152    0.872449    33.1925     2.57596    28.653    3.54
-4.32681      2.08731     0.777059    0.303002    48.76     0.414316    32.7062    8.02009
3.33859      2.33798     0.512603    1.73356    14.3276     1.75267    36.7593    2.42
-1.36673      2.58866     0.248147    1.16411    29.8951     3.09102    40.8124    5.35003
-2.38669      2.83934     0.983692    0.594661    45.4627     0.929378    44.8655    46.5782
2.25897      3.09002     0.719236    0.0252145    11.0302     2.26773    48.9186    6.40005
-4.4266      3.3407     0.45478    1.45577    26.5978     0.106086    52.9718    2.04
-0.446563      3.59137     0.190324    0.886321    42.1653     1.44444    3.02487    3.56
1.17934      3.84205     0.925868    0.316874    7.73289     2.78279    7.07799    2.49
-2.48648      4.09273     0.661412    1.74743    23.3004     0.621148    11.1311    4.54001
0.459588      4.34341     0.396956    1.17798    38.868     1.9595    15.1842    6.95006
-4.5264      4.59408     0.1325    0.608533    4.43553     3.29786    19.2373    0.7
-0.546357      4.84476     0.868044    0.0390861    20.0031     1.13621    23.2905    4.62001
-2.58627      0.346118     0.339132    0.900192    1.13818     0.312917    31.3967    0.33
-3.60623      0.596796     0.0746762    0.330745    16.7057     1.65127    35.4498    2.24
-0.646151      1.09815     0.545764    1.19185    47.8408     0.827979    43.5561    75.2977
1.58058      1.34883     0.281308    0.622405    13.4084     2.16633    47.6092    4.98002
1.22071      1.59951     0.0168524    0.0529576    28.9759     0.00468701    51.6623    2.55
0.500958      2.10086     0.487941    0.914064    10.111     2.68139    5.76854    5.61003
-0.745945      2.35154     0.223485    0.344617    25.6786     0.519749    9.82166    2.35
3.42133      2.8529     0.694573    1.20572    6.81367     3.19646    17.9279    11.1102
-3.80582      3.10357     0.430117    0.636276    22.3812     1.03481    21.981    2.96
2.70158      3.35425     0.165661    0.0668292    37.9488     2.37316    26.0341    6.33005
-1.8657      3.85561     0.636749    0.927935    19.0839     1.54987    34.1404    14.7002
1.62195      4.10629     0.372293    0.358488    34.6514     2.88823    38.1935    4.11
-3.90562      4.35696     0.107837    1.78904    0.218962     0.72658    42.2466    0.05
-4.92557      4.60764     0.843381    1.21959    15.7865     2.06493    46.2997    3.5
0.542329      4.85832     0.578925    0.650148    31.3541     3.40329    50.3528    9.75013
-1.96549      0.108997     0.314469    0.0807007    46.9216     1.24164    0.405969    110.355
3.82258      0.359674     0.0500133    1.51125    12.4892     2.58    4.45909    3.6
-0.0253688      0.86103     0.521101    0.37236    43.6243     1.7567    12.5653    31.4506
2.74295      1.11171     0.256646    1.80291    9.1918     3.09506    16.6184    3.79
-3.08525      1.61306     0.727734    0.664019    40.3269     2.27177    24.7247    57.4564
1.66333      1.86374     0.463278    0.0945723    5.89445     0.11012    28.7778    1.4
-0.125163      2.11442     0.198822    1.52513    21.462     1.44847    32.8309    2.62
0.583699      2.61577     0.66991    0.386231    2.5971     0.625181    40.9372    0.989999
-3.18504      2.86645     0.405454    1.81678    18.1646     1.96354    44.9903    16.6303
3.86395      3.11713     0.140998    1.24734    33.7322     3.30189    49.0434    6.71006
-0.224957      3.36781     0.876542    0.677891    49.2997     1.14024    53.0965    54.4369
-1.24492      3.61849     0.612086    0.108444    14.8673     2.4786    3.14964    6.69006
2.78432      3.86916     0.34763    1.539    30.4348     0.316951    7.20276    2.9
-3.28483      4.11984     0.0831743    0.96955    46.0024     1.65531    11.2559    3
2.06457      4.37052     0.818718    0.400103    11.5699     2.99366    15.309    3.61
1.7047      4.6212     0.554262    1.83066    27.1375     0.832013    19.3621    6.98006
-1.34471      4.87188     0.289806    1.26121    42.705     2.17037    23.4152    4.62001
0.984944      0.122553     0.0253505    0.691762    8.27258     0.00872083    27.4684    1.39
-3.38463      0.373231     0.760895    0.122315    23.8401     1.34707    31.5215    138.533
3.90532      0.874586     0.231983    0.983422    4.97523     0.523783    39.6277    2.35
2.82569      1.62662     0.438615    1.27508    1.67788     1.03884    51.7871    0.6
-4.50438      1.8773     0.174159    0.705634    17.2454     2.3772    1.84019    2.2
2.10594      2.12798     0.909703    0.136187    32.813     0.215552    5.89331    3.86
-1.5443      2.37865     0.645247    1.56674    48.3805     1.55391    9.94642    46.9381
-2.56426      2.62933     0.380791    0.997293    13.9481     2.89226    13.9995    2.16
1.02631      2.88001     0.116335    0.427846    29.5156     0.730614    18.0527    2.53
-0.624134      3.38136     0.587423    1.28895    10.6507     3.40732    26.1589    3.02
3.94669      3.63204     0.322967    0.719505    26.2183     1.24568    30.212    2.63
-2.66405      3.88272     0.0585115    0.150058    41.7858     2.58403    34.2651    2.63
3.22694      4.1334     0.794056    1.58061    7.35336     0.422384    38.3183    26.4405
-4.70397      4.38408     0.5296    1.01116    22.9209     1.76074    42.3714    5.41003
-0.723928      4.63475     0.265144    0.441718    38.4885     3.09909    46.4245    5.35003
2.14731      4.88543     0.000687705    1.87227    4.05601     0.937446    50.4776    1.15
-3.7838      0.386787     0.471776    0.733377    35.1911     0.114153    4.58385    18.5803
1.06768      0.637465     0.20732    0.16393    0.758657     1.45251    8.63697    1.19
-2.86364      1.3895     0.413952    0.455589    47.4613     1.96757    20.7963    13.1502
-3.8836      1.64018     0.149496    1.88614    13.0289     3.30592    24.8495    1.53
-0.923516      2.14153     0.620584    0.747248    44.164     2.48263    32.9557    23.2904
-1.94348      2.39221     0.356128    0.177802    9.7315     0.320985    37.0088    1.66
2.18868      2.64289     0.0916724    1.60835    25.299     1.65934    41.0619    3.47
-3.98339      2.89356     0.827216    1.03891    40.8666     2.99769    45.115    61.0158
1.46893      3.14424     0.562761    0.469461    6.43415     0.836047    49.1682    1.4
-1.02331      3.39492     0.298305    1.90001    22.0017     2.1744    53.2213    2.58
-2.04327      3.6456     0.0338486    1.33057    37.5692     0.0127546    3.2744    2.58
0.389304      3.89628     0.769393    0.76112    3.13679     1.35111    7.32752    3.64
-4.08319      4.14695     0.504937    0.191673    18.7043     2.68946    11.3806    2.96
-0.103146      4.39763     0.240481    1.62223    34.2719     0.527816    15.4338    3.18
3.30968      4.64831     0.976025    1.05278    49.8394     1.86617    19.4869    96.4022
-2.14306      4.89899     0.711569    0.483332    15.407     3.20452    23.54    2.83
2.23005      0.400343     0.182657    1.34444    46.5421     2.38123    31.6462    22.5104
1.5103      0.901699     0.653745    0.205545    27.6772     1.55794    39.7525    10.3401
-2.24286      1.15238     0.389289    1.6361    43.2447     2.89629    43.8056    37.2198
-3.26282      1.40305     0.124833    1.06665    8.81228     0.734648    47.8587    1.23
0.430674      1.65373     0.860377    0.497204    24.3798     2.073    51.9118    16.4003
-0.302734      1.90441     0.595921    1.92776    39.9474     3.41136    1.96495    260.793
3.71092      2.15509     0.331466    1.35831    5.51493     1.24971    6.01807    1.49
3.35105      2.40577     0.0670096    0.788863    21.0825     2.58806    10.0712    2.54
-3.36261      2.65644     0.802554    0.219416    36.65     0.426418    14.1243    4.60001
2.6313      2.90712     0.538098    1.64997    2.21757     1.76477    18.1774    1.71
-0.402528      3.1578     0.273642    1.08052    17.7851     3.10313    22.2305    2.65
-1.42249      3.40848     0.00918581    0.511075    33.3527     0.941479    26.2837    2.44
1.55167      3.65915     0.74473    1.94163    48.9202     2.27983    30.3368    119.057
-3.4624      3.90983     0.480274    1.37218    14.4878     0.118187    34.3899    1.27
0.83192      4.16051     0.215818    0.802735    30.0553     1.45654    38.443    2.85
0.472045      4.41119     0.951362    0.233288    45.6229     2.7949    42.4961    21.8604
-1.52228      4.66187     0.686906    1.66384    11.1904     0.633249    46.5493    3.62
3.75229      4.91254     0.42245    1.09439    26.758     1.9716    50.6024    2.5
-3.5622      0.163221     0.157994    0.524947    42.3255     3.30996    0.655502    78.4283
-1.62208      0.915255     0.364626    0.816606    39.0282     0.325019    12.8149    6.24005
1.95292      1.16593     0.10017    0.247159    4.59571     1.66337    16.868    2.31
-4.68195      1.66729     0.571259    1.10827    35.7308     0.840081    24.9742    10.2901
0.87329      1.91797     0.306803    0.538819    1.29835     2.17843    29.0273    0.65
-1.72187      2.16864     0.0423467    1.96937    16.8659     0.0167885    33.0805    1.69
-2.74183      2.41932     0.777891    1.39992    32.4334     1.35514    37.1336    56.3366
3.79366      2.67     0.513435    0.830478    48.001     2.6935    41.1867    21.1504
-4.78175      2.92068     0.248979    0.261031    13.5685     0.53185    45.2398    1.63
2.71404      3.42203     0.720067    1.12214    44.7036     3.20856    53.3461    262.175
-2.84162      3.67271     0.455611    0.55269    10.2712     1.04691    3.39917    1.39
1.99429      3.92339     0.191155    1.98324    25.8387     2.38527    7.45229    4.05
-0.901499      4.42474     0.662243    0.844349    6.97384     1.56197    15.5585    1.36
0.914661      4.67542     0.397787    0.274902    22.5414     2.90033    19.6116    2.78
-2.94142      4.9261     0.133331    1.70546    38.1089     0.738682    23.6648    2.71
3.83503      0.427455     0.60442    0.566562    19.244     3.41539    31.771    301.903
-1.00129      0.678133     0.339964    1.99711    34.8116     1.25374    35.8241    44.2886
3.11528      0.928811     0.0755077    1.42767    0.379134     2.5921    39.8772    0.26
-4.06117      1.43017     0.546596    0.288774    31.5142     1.76881    47.9835    26.3205
2.03566      1.68084     0.28214    1.71933    47.0818     3.10716    52.0366    14.8002
-1.10109      1.93152     0.0176839    1.14988    12.6493     0.945513    2.08972    1.54
-2.12105      2.1822     0.753228    0.580433    28.2169     2.28387    6.14284    22.6904
0.956031      2.43288     0.488772    0.0109862    43.7844     0.122221    10.196    3.48
-4.16096      2.68356     0.224316    1.44154    9.35198     1.46058    14.2491    1.19
0.23628      2.93423     0.95986    0.872092    24.9195     2.79893    18.3022    158.312
-1.20088      3.18491     0.695404    0.302645    40.4871     0.637283    22.3553    8.04009
-2.22084      3.43559     0.430948    1.7332    6.05462     1.97564    26.4084    7.42007
3.15665      3.68627     0.166492    1.16375    21.6222     3.31399    30.4616    3.55
-4.26076      3.93694     0.902036    0.594305    37.1897     1.15234    34.5147    19.1403
-0.280717      4.18762     0.63758    0.0248578    2.75727     2.4907    38.5678    1.09
2.07703      4.4383     0.373125    1.45541    18.3248     0.329053    42.6209    2.11
-2.32063      4.68898     0.108669    0.885964    33.8924     1.66741    46.674    2.72
1.35728      4.93966     0.844213    0.316517    49.4599     3.00576    50.7271    38.9195
-0.380511      0.441012     0.315301    1.17762    30.595     2.18247    4.83339    46.1183
0.27765      0.691689     0.0508448    0.608176    46.1626     0.0208223    8.88651    3.14
-2.42043      0.942367     0.786389    0.0387293    11.7301     1.35918    12.9396    14.3702
-3.44039      1.19305     0.521933    1.46928    27.2977     2.69753    16.9927    32.0106
3.19802      1.44372     0.257477    0.899835    42.8652     0.535884    21.0459    4.85002
-0.480305      1.6944     0.993021    0.330389    8.43276     1.87424    25.099    52.7272
2.1184      2.19576     0.464109    1.19149    39.5679     1.05095    33.2052    9.75013
-3.54018      2.44643     0.199653    0.622048    5.1354     2.3893    37.2583    0.67
1.39865      2.69711     0.935197    0.0526009    20.703     0.227654    41.3115    2.99
-0.5801      2.94779     0.670741    1.48315    36.2705     1.56601    45.3646    15.4303
-1.60006      3.19847     0.406285    0.913707    1.83805     2.90436    49.4177    0.31
0.31902      3.44915     0.14183    0.34426    17.4056     0.742716    53.4708    1.72
3.59927      3.9505     0.612918    1.20537    48.5407     3.41942    7.57706    24.0305
3.23939      4.20118     0.348462    0.635919    14.1082     1.25778    11.6302    2.68
-1.69985      4.45186     0.0840058    0.0664724    29.6758     2.59613    15.6833    3.03
2.51964      4.70253     0.81955    1.49703    45.2433     0.434485    19.7364    7.54008
-3.73977      4.95321     0.555094    0.927579    10.8109     1.77284    23.7895    3.22
-4.75973      0.20389     0.290638    0.358132    26.3784     3.11119    27.8427    75.6678
1.44002      0.454568     0.026182    1.78868    41.946     0.949547    31.8958    3.3
0.720266      0.955923     0.49727    0.649791    23.0811     0.126255    40.002    2.43
0.360391      1.2066     0.232814    0.080344    38.6486     1.46461    44.0551    10.8302
3.64064      1.70796     0.703902    0.94145    19.7837     0.641317    52.1614    48.3979
-1.89944      1.95863     0.439446    0.372003    35.3513     1.97967    2.21449    11.7502
-2.9194      2.20931     0.17499    1.80256    0.91883     3.31802    6.26761    0.21
-4.95932      2.71067     0.646079    0.663662    32.0539     2.49473    14.3738    34.4202
1.84126      2.96135     0.381623    0.0942155    47.6215     0.333086    18.427    3.69
1.48139      3.21202     0.117167    1.52477    13.189     1.67144    22.4801    2.38
-3.01919      3.4627     0.852711    0.955322    28.7566     3.00979    26.5332    51.7373
0.761636      3.71338     0.588255    0.385875    44.3241     0.848148    30.5863    5.46003
-0.0591116      3.96406     0.323799    1.81643    9.89167     2.1865    34.6394    2.26
-1.07907      4.21474     0.059343    1.24698    25.4592     0.0248561    38.6926    2.2
3.68201      4.46541     0.794887    0.677534    41.0268     1.36321    42.7457    14.9102
-3.11899      4.71609     0.530431    0.108087    6.59432     2.70156    46.7988    8.12009
2.96226      4.96677     0.265975    1.53864    22.1619     0.539918    50.8519    2.44
2.60238      0.217446     0.00151921    0.969193    37.7294     1.87827    0.905036    3.17
-3.21878      0.96948     0.208151    1.26085    34.4321     2.39333    13.0644    11.8102
0.803006      1.47084     0.67924    0.121959    15.5672     1.57004    21.1706    4.76001
-1.27866      1.72151     0.414784    1.55251    31.1347     2.9084    25.2238    12.5402
0.0832556      1.97219     0.150328    0.983065    46.7023     0.746749    29.2769    3.27
3.72338      2.22287     0.885872    0.413618    12.2698     2.0851    33.33    2.47
-4.33854      2.47355     0.621416    1.84417    27.8374     3.42346    37.3831    57.1964
3.00363      2.72422     0.35696    1.27472    43.4049     1.26181    41.4362    8.05009
-1.37845      2.9749     0.0925039    0.705277    8.97245     2.60017    45.4893    1.61
-2.39841      3.22558     0.828048    0.13583    24.54     0.438519    49.5425    2.76
1.924      3.47626     0.563592    1.56638    40.1075     1.77687    53.5956    11.5002
-4.43833      3.72694     0.299136    0.996936    5.6751     3.11523    3.6487    1.27
-0.458288      3.97761     0.0346801    0.427489    21.2426     0.953581    7.70182    2.03
0.844377      4.22829     0.770224    1.85804    36.8102     2.29193    11.7549    77.4081
-2.49821      4.47897     0.505768    1.2886    2.37774     0.130289    15.8081    0.58
0.124626      4.72965     0.241312    0.719149    17.9453     1.46864    19.8612    1.79
-4.53812      4.98032     0.976856    0.149702    33.5128     2.807    23.9143    16.3503
3.045      0.48168     0.447945    1.01081    14.6479     1.9837    32.0205    22.2004
-2.598      0.732358     0.183489    0.441361    30.2155     3.32206    36.0737    7.22007
-0.657877      1.48439     0.390121    0.73302    26.9181     0.33712    48.233    2.77
1.24562      1.73507     0.125665    0.163573    42.4857     1.67547    52.2861    5.83004
-3.71775      2.23642     0.596753    1.02468    23.6208     0.852182    6.39237    5.70004
0.165996      2.4871     0.332297    0.455233    39.1883     2.19054    10.4455    7.41007
-0.757671      2.73778     0.0678411    1.88579    4.75588     0.0288899    14.4986    0.939999
-1.77763      2.98846     0.803385    1.31634    20.3234     1.36724    18.5517    7.50008
3.08637      3.23914     0.538929    0.746892    35.891     2.7056    22.6048    20.6804
-3.81755      3.48981     0.274473    0.177445    1.45853     0.543952    26.658    0.34
2.36662      3.74049     0.0100173    1.608    17.0261     1.88231    30.7111    2.13
2.00674      3.99117     0.745561    1.03855    32.5936     3.22066    34.7642    22.4604
-1.87742      4.24185     0.481105    0.469104    48.1612     1.05901    38.8173    4.52001
1.28699      4.49253     0.21665    1.89966    13.7287     2.39737    42.8704    4.12
-3.91734      4.7432     0.952194    1.33021    29.2963     0.235721    46.9236    27.6505
-4.9373      4.99388     0.687738    0.760763    44.8638     1.57408    50.9767    9.05011
0.207366      0.244559     0.423282    0.191316    10.4314     2.91243    1.0298    42.0589
-1.97722      0.495236     0.158826    1.62187    25.9989     0.750783    5.08292    5.28003
3.12774      0.996592     0.629914    0.482976    7.13401     3.42749    13.1892    44.0886
-0.0370944      1.24727     0.365458    1.91353    22.7016     1.26585    17.2423    5.91004
2.40799      1.49795     0.101002    1.34408    38.2691     2.6042    21.2954    4.46001
-2.07701      1.74863     0.836546    0.774635    3.83666     0.442553    25.3485    0.65
-3.09697      1.9993     0.57209    0.205188    19.4042     1.78091    29.4016    6.06004
1.32836      2.24998     0.307634    1.63574    34.9718     3.11926    33.4548    4.65001
-0.136889      2.50066     0.0431782    1.06629    0.539306     0.957615    37.5079    0.7
0.608612      2.75134     0.778722    0.496847    16.1069     2.29597    41.561    48.2579
0.248737      3.00201     0.514266    1.9274    31.6744     0.134323    45.6141    4.99002
-3.19677      3.25269     0.24981    1.35795    47.242     1.47268    49.6672    2.68
3.52899      3.50337     0.985354    0.788506    12.8095     2.81103    53.7204    12.4102
-0.236683      3.75405     0.720899    0.219059    28.3771     0.649384    3.77347    3.63
-1.25664      4.00473     0.456443    1.64961    43.9446     1.98774    7.82659    6.38005
2.44936      4.2554     0.191987    1.08017    9.51215     3.32609    11.8797    1.52
-3.29656      4.50608     0.927531    0.510719    25.0797     1.16445    15.9328    5.04002
1.72961      4.75676     0.663075    1.94127    40.6472     2.5028    19.9859    11.5702
-1.35644      0.258115     0.134163    0.802378    21.7823     1.67951    28.0922    6.70006
-4.41631      1.01015     0.340795    1.09404    18.485     2.19457    40.2515    5.50003
3.57036      1.26083     0.0763392    0.52459    34.0525     0.0329237    44.3047    3.02
2.85061      1.76218     0.547427    1.3857    15.1876     2.70963    52.4109    20.3904
2.49073      2.01286     0.282971    0.816249    30.7552     0.547986    2.46402    3.67
-4.51611      2.26354     0.0185154    0.246803    46.3227     1.88634    6.51714    2.91
-1.55602      2.76489     0.489604    1.10791    27.4578     1.06305    14.6234    4.42001
-2.57598      3.01557     0.225148    0.538462    43.0254     2.4014    18.6765    7.19007
-4.6159      3.51693     0.696236    1.39957    24.1605     1.57811    26.7827    4.67001
3.9716      3.7676     0.43178    0.830121    39.728     2.91646    30.8359    7.11007
3.61173      4.01828     0.167324    0.260674    5.29557     0.754817    34.889    1.42
-2.67578      4.26896     0.902868    1.69123    20.8631     2.09317    38.9421    32.8705
2.89198      4.51964     0.638412    1.12178    36.4307     3.43152    42.9952    21.1004
-4.71569      4.77032     0.373956    0.552333    1.99822     1.26988    47.0483    0.31
-0.735654      0.0209932     0.1095    1.98289    17.5658     2.60823    51.1015    67.9061
-3.79553      0.773027     0.316132    0.274546    14.2684     3.12329    9.26081    9.05011
0.732723      1.0237     0.0516764    1.7051    29.836     0.961649    13.3139    2.84
0.0129717      1.52506     0.522765    0.566205    10.9711     0.138356    21.4202    1.49
-2.87537      1.77574     0.258309    1.99676    26.5386     1.47671    25.4733    4.51001
2.93335      2.27709     0.729397    0.857864    7.67371     0.653418    33.5795    5.81004
-0.935242      2.52777     0.464941    0.288417    23.2413     1.99177    37.6326    6.47005
-1.9552      2.77845     0.200485    1.71897    38.8088     3.33013    41.6858    4.41001
1.85372      3.02913     0.936029    1.14952    4.37636     1.16848    45.7389    1.53
-3.99512      3.2798     0.671573    0.580076    19.9439     2.50683    49.792    7.42007
1.13397      3.53048     0.407117    0.0106295    35.5115     0.345188    53.8451    2.39
-1.03504      3.78116     0.142661    1.44118    1.079     1.68354    3.89824    0.47
-2.055      4.03184     0.878205    0.871736    16.6466     3.0219    7.95136    20.6904
0.054342      4.28252     0.613749    0.302289    32.2141     0.86025    12.0045    4.87002
-4.09491      4.53319     0.349293    1.73284    47.7816     2.1986    16.0576    5.78004
-0.114871      4.78387     0.0848373    1.16339    13.3492     0.0369575    20.1107    1.68
-2.15479      0.285227     0.555925    0.024501    44.4843     2.71367    28.217    139.223
2.25496      0.535905     0.291469    1.45505    10.0518     0.552019    32.2701    6.85006
1.89509      0.786583     0.0270135    0.885607    25.6194     1.89037    36.3232    4.61001
-0.214666      1.03726     0.762558    0.31616    41.1869     3.22873    40.3763    264.367
1.17534      1.28794     0.498102    1.74671    6.75449     1.06708    44.4294    2.57
-2.25458      1.53862     0.233646    1.17727    22.322     2.40544    48.4825    16.6903
0.0957122      2.03997     0.704734    0.0383726    3.45714     1.58214    2.58879    1.91
-0.31446      2.29065     0.440278    1.46893    19.0247     2.9205    6.64191    4.44001
3.37596      2.54133     0.175822    0.899479    34.5922     0.758851    10.695    4.2
3.01609      2.79201     0.911366    0.330032    0.159782     2.0972    14.7481    3.25
-3.37434      3.04268     0.64691    1.76058    15.7273     3.43556    18.8013    4.26
2.29633      3.29336     0.382454    1.19114    31.2949     1.27391    22.8544    3.93
-0.414254      3.54404     0.117998    0.621691    46.8624     2.61227    26.9075    3.98
-1.43421      3.79472     0.853542    0.0522441    12.43     0.450621    30.9606    1.96
1.21671      4.04539     0.589086    1.4828    27.9975     1.78897    35.0137    2.15
-3.47413      4.29607     0.32463    0.91335    43.5651     3.12733    39.0669    6.83006
0.496958      4.54675     0.0601745    0.343903    9.13262     0.965682    43.12    1.1
0.137082      4.79743     0.795718    1.77446    24.7002     2.30404    47.1731    4.79001
3.41733      0.298783     0.266807    0.635563    5.83527     1.48074    1.27934    9.70013
-3.57392      0.549461     0.00235071    0.0661157    21.4028     2.8191    5.33246    1.76
2.33771      1.05082     0.473439    0.927222    2.53792     1.99581    13.4387    5.41003
-1.6338      1.30149     0.208983    0.357775    18.1055     3.33416    17.4918    9.37012
1.25808      1.80285     0.680071    1.21888    49.2406     2.51087    25.5981    265.107
-4.69368      2.05353     0.415615    0.649434    14.8081     0.349222    29.6512    2.23
0.538328      2.30421     0.151159    0.0799872    30.3757     1.68758    33.7043    7.00007
-2.75355      2.80556     0.622247    0.941093    11.5108     0.864284    41.8105    1.61
3.4587      3.05624     0.357791    0.371646    27.0783     2.20264    45.8636    9.54012
-4.79347      3.30692     0.0933354    1.8022    42.6459     0.0409914    49.9168    2.58
2.73895      3.5576     0.828879    1.23275    8.2134     1.37935    53.9699    9.80013
2.37908      3.80827     0.564424    0.663306    23.781     2.7177    4.02301    8.21009
-2.85335      4.05895     0.299968    0.0938588    39.3485     0.556053    8.07612    2.95
1.65932      4.30963     0.0355116    1.52441    4.91605     1.89441    12.1292    1.22
-4.89327      4.56031     0.771056    0.954965    20.4836     3.23276    16.1824    10.2401
-0.913225      4.81098     0.5066    0.385518    36.0511     1.07112    20.2355    3.23
3.50007      0.813695     0.448776    0.10773    48.3213     2.92453    36.448    125.208
-1.01302      1.06437     0.18432    1.53828    13.8889     0.762885    40.5011    3.46
-3.05294      1.56573     0.655408    0.39939    45.024     3.43959    48.6073    65.0655
-4.0729      1.81641     0.390952    1.82994    10.5915     1.27795    52.6604    3.83
1.70069      2.06708     0.126496    1.2605    26.1591     2.6163    2.71355    3.65
-1.11281      2.31776     0.86204    0.691049    41.7266     0.454654    6.76667    24.5905
-2.13277      2.56844     0.597584    0.121602    7.29419     1.79301    10.8198    4.16
0.621069      2.81912     0.333129    1.55215    22.8617     3.13136    14.8729    7.93009
-4.17269      3.0698     0.0686726    0.982708    38.4293     0.969716    18.926    2.46
3.90132      3.32047     0.804217    0.413261    3.99683     2.30807    22.9792    4.09
-1.21261      3.57115     0.539761    1.84381    19.5644     0.146424    27.0323    2.42
-2.23257      3.82183     0.275305    1.27437    35.1319     1.48478    31.0854    3.86
2.82169      4.07251     0.0108488    0.70492    0.699478     2.82313    35.1385    1.06
-4.27248      4.32318     0.746393    0.135473    16.267     0.661486    39.1916    2.28
-0.292443      4.57386     0.481937    1.56603    31.8346     1.99984    43.2447    8.23009
1.74207      4.82454     0.217481    0.99658    47.4021     3.33819    47.2979    6.16005
-4.37228      0.576574     0.424113    1.28824    44.1048     0.353255    5.45722    18.9103
-0.392237      0.827251     0.159657    0.718792    9.67232     1.69161    9.51034    2
3.94269      1.07793     0.895201    0.149345    25.2399     3.02996    13.5635    109.025
-3.45211      1.57928     0.366289    1.01045    6.37497     2.20667    21.6697    8.30009
2.86306      1.82996     0.101833    0.441004    21.9425     0.0450252    25.7228    2.49
2.14331      2.33132     0.572922    1.30211    3.07761     2.72173    33.8291    1.78
1.78344      2.582     0.308466    0.732663    18.6452     0.560087    37.8822    2.19
-3.55191      2.83267     0.0440097    0.163217    34.2127     1.89844    41.9353    3.09
1.06368      3.08335     0.779554    1.59377    49.7803     3.23679    45.9884    151.916
-0.591825      3.33403     0.515098    1.02432    15.3478     1.07515    50.0415    2.49
-1.61178      3.58471     0.250642    0.454876    30.9154     2.4135    0.0946528    4.03
-3.6517      4.08606     0.72173    1.31598    12.0505     1.59021    8.20089    8.4001
3.26431      4.33674     0.457274    0.746535    27.618     2.92856    12.254    9.82013
2.90443      4.58742     0.192818    0.177088    43.1856     0.766918    16.3071    4.3
-3.7515      0.339452     0.39945    0.468747    39.8882     1.28198    28.4665    57.1564
-4.77145      0.59013     0.134994    1.8993    5.45575     2.62033    32.5196    0.839999
-1.81137      1.09149     0.606083    0.760407    36.5908     1.79704    40.6258    147.698
0.385304      1.34216     0.341627    0.19096    2.15839     3.1354    44.679    1.68
0.0254283      1.59284     0.0771707    1.62151    17.7259     0.97375    48.7321    1.98
3.30568      2.0942     0.548259    0.482619    48.861     0.150458    2.83832    4.39001
-1.91117      2.34487     0.283803    1.91317    14.4286     1.48881    6.89144    3.11
-2.93113      2.59555     0.0193469    1.34372    29.9961     2.82717    10.9446    2.44
2.22605      2.84623     0.754891    0.774278    45.5637     0.66552    14.9977    16.9603
-4.97104      3.09691     0.490435    0.204831    11.1312     2.00387    19.0508    3.41
1.5063      3.34759     0.225979    1.63538    26.6988     3.34223    23.1039    3.28
-3.03092      3.84894     0.697067    0.49649    7.83388     2.51894    31.2102    2.72
0.426674      4.09962     0.432611    1.92704    23.4014     0.357289    35.2633    3
-0.0708372      4.3503     0.168155    1.3576    38.969     1.69564    39.3164    3.03
-1.0908      4.60097     0.903699    0.78815    4.53653     3.034    43.3695    5.78004
3.34705      4.85165     0.639243    0.218703    20.1041     0.872351    47.4226    2.76
2.6273      0.353008     0.110332    1.07981    1.23917     0.049059    1.52887    0.859999
1.54767      1.10504     0.316964    1.37147    47.9418     0.564121    13.6882    8.20009
-3.23051      1.35572     0.0525079    0.802021    13.5094     1.90247    17.7413    1.55
-4.25047      1.6064     0.788052    0.232574    29.0769     3.24083    21.7945    25.6705
0.468044      1.85708     0.523596    1.66313    44.6445     1.07918    25.8476    29.8806
-1.29038      2.10775     0.25914    1.09368    10.212     2.41754    29.9007    2.65
3.74829      2.35843     0.994684    0.524233    25.7796     0.25589    33.9538    69.5264
-4.35026      2.85979     0.465772    1.38534    6.91466     2.9326    42.0601    5.21002
2.66867      3.11046     0.201316    0.815893    22.4822     0.770952    46.1132    3.97
-1.39018      3.36114     0.93686    0.246446    38.0498     2.10931    50.1663    6.34005
-2.41014      3.61182     0.672404    1.677    3.61731     3.44766    0.21942    2.9
1.58904      3.8625     0.407948    1.10755    19.1849     1.28601    4.27254    2.82
-4.45006      4.11318     0.143493    0.538105    34.7524     2.62437    8.32566    3.06
0.509414      4.61453     0.614581    1.39921    15.8875     1.80108    16.4319    6.90006
-2.50993      4.86521     0.350125    0.829764    31.4551     3.13943    20.485    5.28003
3.78966      0.115887     0.0856688    0.260317    47.0226     0.977784    24.5381    14.7702
2.71004      0.86792     0.292301    0.551977    43.7252     1.49285    36.6975    15.1203
-2.60973      1.1186     0.027845    1.98253    9.2928     2.8312    40.7506    0.83
1.63041      1.61995     0.498933    0.843636    40.4279     2.00791    48.8568    18.8203
-0.669602      1.87063     0.234477    0.274189    5.99544     3.34626    52.91    1.35
-2.70952      2.37199     0.705565    1.1353    37.1305     2.52297    7.01621    63.7453
-3.72948      2.62266     0.441109    0.565848    2.69809     0.361323    11.0693    0.45
3.83103      2.87334     0.176653    1.9964    18.2656     1.69968    15.1224    2.91
-1.78936      3.3747     0.647742    0.857507    49.4007     0.876385    23.2287    12.9102
2.75141      3.62538     0.383286    0.28806    14.9683     2.21474    27.2818    3.34
-3.82927      3.87605     0.11883    1.71861    30.5358     0.0530928    31.3349    2.15
2.03166      4.12673     0.854374    1.14917    46.1034     1.39145    35.388    24.8205
-0.869191      4.37741     0.589918    0.57972    11.6709     2.7298    39.4412    6.66006
-1.88915      4.62809     0.325462    0.0102727    27.2385     0.568155    43.4943    2.09
0.95203      4.87877     0.061006    1.44083    42.806     1.90651    47.5474    3.41
-4.94903      0.380121     0.532094    0.301932    23.9411     1.08322    1.65364    39.8993
3.8724      0.630798     0.267638    1.73249    39.5087     2.42157    5.70676    36.3299
-1.98894      0.881476     0.00318221    1.16304    5.07622     0.259924    9.75988    0.839999
3.15265      1.13215     0.738726    0.593591    20.6438     1.59828    13.813    112.806
2.79278      1.38283     0.47427    0.0241443    36.2113     2.93663    17.8661    16.6003
-0.0488201      1.63351     0.209814    1.4547    1.77887     0.774986    21.9192    0.58
-2.08874      2.13487     0.680903    0.315804    32.914     3.45169    30.0255    20.4704
-3.1087      2.38554     0.416447    1.74636    48.4815     1.29005    34.0786    7.37007
0.993401      2.63622     0.151991    1.17691    14.0491     2.6284    38.1317    2.42
-0.148614      2.8869     0.887535    0.607463    29.6166     0.466756    42.1848    2.75
0.27365      3.13758     0.623079    0.0380158    45.1842     1.80511    46.2379    10.0301
3.91377      3.38825     0.358623    1.46857    10.7517     3.14346    50.2911    1.31
-3.20849      3.63893     0.0941669    0.899122    26.3193     0.981818    0.344187    2.19
3.19402      3.88961     0.829711    0.329675    41.8868     2.32017    4.39731    16.3303
-0.248408      4.14029     0.565255    1.76023    7.45436     0.158525    8.45043    1.59
-1.26837      4.39097     0.300799    1.19078    23.0219     1.49688    12.5035    2.85
2.1144      4.64164     0.0363431    0.621334    38.5895     2.83523    16.5567    3.56
-3.30828      4.89232     0.771887    0.0518874    4.157     0.673587    20.6098    0.59
1.03477      0.393677     0.242975    0.912994    35.2921     3.3503    28.716    25.2905
-1.36816      0.644355     0.978519    0.343547    0.85965     1.18865    32.7691    0.14
-3.40808      1.14571     0.449608    1.20465    31.9947     0.365357    40.8754    9.48012
-4.42804      1.39639     0.185152    0.635206    47.5623     1.70371    44.9285    7.12007
3.23539      1.64707     0.920696    0.0657589    13.1298     3.04206    48.9816    14.1102
-1.46796      1.89774     0.65624    1.49631    28.6974     0.880419    53.0347    38.8295
2.51564      2.14842     0.391784    0.926865    44.2649     2.21877    3.08786    11.3502
2.15577      2.3991     0.127328    0.357418    9.83249     0.0571266    7.14097    1.63
1.43602      2.90045     0.598416    1.21852    40.9676     2.73383    15.2472    19.0303
-1.56775      3.15113     0.33396    0.649077    6.53514     0.572188    19.3003    1.16
-2.58771      3.40181     0.0695041    0.0796305    22.1027     1.91054    23.3535    2.03
0.35639      3.65249     0.805048    1.51018    37.6702     3.2489    27.4066    96.6122
-4.62763      3.90317     0.540592    0.940737    3.23778     1.08725    31.4597    0.65
3.63664      4.15384     0.276136    0.37129    18.8053     2.4256    35.5128    3.93
3.27676      4.40452     0.0116803    1.80184    34.3729     0.263958    39.5659    3.07
-2.6875      4.6552     0.747224    1.2324    49.9404     1.60231    43.619    39.7093
2.55701      4.90588     0.482768    0.662949    15.508     2.94067    47.6722    3.64
-4.72742      0.156555     0.218313    0.093502    31.0755     0.77902    51.7253    21.4504
-2.7873      0.908589     0.424945    0.385161    27.7782     1.29408    9.88464    8.83011
-3.80726      1.15927     0.160489    1.81571    43.3457     2.63244    13.9378    9.76013
-0.847173      1.66062     0.631577    0.676821    24.4808     1.80914    22.044    10.0701
3.67801      1.9113     0.367121    0.107374    40.0484     3.1475    26.0971    16.0403
-2.88709      2.16198     0.102665    1.53793    5.61592     0.985851    30.1502    1.86
-3.90705      2.41266     0.838209    0.96848    21.1835     2.32421    34.2034    195.052
2.59838      2.66333     0.573753    0.399033    36.751     0.162559    38.2565    3.96
-0.946968      2.91401     0.309297    1.82959    2.31857     1.50091    42.3096    0.52
-1.96693      3.16469     0.0448412    1.26014    17.8861     2.83927    46.3627    1.69
1.51876      3.41537     0.780385    0.690692    33.4537     0.677621    50.4158    9.23012
-4.00684      3.66604     0.515929    0.121245    49.0212     2.01597    0.468953    8.6401
0.799006      3.91672     0.251473    1.5518    14.5888     3.35433    4.52207    3.43
-1.04676      4.1674     0.987018    0.982351    30.1563     1.19268    8.57519    27.2405
-2.06672      4.41808     0.722562    0.412904    45.7239     2.53104    12.6283    18.2603
3.71938      4.66876     0.458106    1.84346    11.2914     0.369391    16.6814    2.14
-4.10664      4.91943     0.19365    1.27401    26.859     1.70774    20.7345    2.33
2.63975      0.420789     0.664738    0.135117    7.99405     0.884453    28.8408    25.1705
-2.16651      0.671467     0.400282    1.56567    23.5616     2.22281    32.8939    193.773
1.92      0.922145     0.135826    0.996223    39.1292     0.0611604    36.947    3.13
-4.20643      1.17282     0.87137    0.426776    4.6967     1.39951    41.0001    9.14011
0.840376      1.67418     0.342458    1.28788    35.8318     0.576222    49.1064    13.8102
-2.26631      1.92486     0.0780022    0.718435    1.39935     1.91458    53.1595    0.34
-3.28627      2.17553     0.813546    0.148988    16.9669     3.25293    3.21262    20.0404
3.76075      2.42621     0.54909    1.57954    32.5344     1.09128    7.26574    15.2003
-0.326185      2.67689     0.284634    1.01009    48.102     2.42964    11.3189    6.52005
3.041      2.92757     0.0201784    0.440647    13.6695     0.267992    15.372    1.97
2.68112      3.17825     0.755722    1.8712    29.2371     1.60635    19.4251    131.617
-3.38606      3.42892     0.491267    1.30175    44.8046     2.9447    23.4782    11.6802
1.96137      3.6796     0.226811    0.732307    10.3722     0.783054    27.5313    2.65
-0.42598      3.93028     0.962355    0.16286    25.9397     2.12141    31.5845    9.96013
-1.44594      4.18096     0.697899    1.59341    41.5073     3.45976    35.6376    80.2287
0.881746      4.43163     0.433443    1.02397    7.07483     1.29812    39.6907    1.8
-3.48586      4.68231     0.168987    0.454519    22.6424     2.63647    43.7438    2.54
-1.54573      0.434345     0.375619    0.746178    19.345     3.15153    1.90317    58.3362
3.08237      0.685023     0.111163    0.176731    34.9126     0.989885    5.95629    4.65001
-3.58565      0.935701     0.846707    1.60728    0.480127     2.32824    10.0094    0.839999
-4.60561      1.18638     0.582251    1.03784    16.0477     0.166593    14.0625    3
2.00274      1.43706     0.317795    0.468391    31.6152     1.50495    18.1156    8.5401
-1.64553      1.68773     0.0533394    1.89894    47.1828     2.8433    22.1688    4.43001
0.923117      2.18909     0.524427    0.76005    28.3179     2.02001    30.275    7.36007
-4.7054      2.43977     0.259972    0.190603    43.8854     3.35836    34.3281    7.45008
-1.74532      2.94112     0.73106    1.05171    25.0205     2.53507    42.4344    8.11009
-2.76528      3.1918     0.466604    0.482262    40.5881     0.373425    46.4875    2.83
3.12374      3.44248     0.202148    1.91282    6.15561     1.71178    50.5406    4.64001
2.40399      3.94383     0.673236    0.773921    37.2907     0.888486    4.64684    5.25003
2.04411      4.19451     0.40878    0.204474    2.85826     2.22684    8.69996    2.2
-2.86507      4.44519     0.144324    1.63503    18.4258     0.0651942    12.7531    1.75
1.32436      4.69587     0.879868    1.06558    33.9934     1.40355    16.8062    9.22012
-4.90499      4.94655     0.615412    0.496134    49.5609     2.7419    20.8593    17.0403
0.244736      0.447902     0.0865003    1.35724    30.696     1.91861    28.9656    4.33
3.52499      0.949257     0.557588    0.218346    11.8311     1.09532    37.0718    9.20012
3.16511      1.19993     0.293132    1.6489    27.3987     2.43367    41.1249    4.97002
-1.02474      1.45061     0.0286765    1.07945    42.9662     0.272026    45.178    2.74
2.44536      1.70129     0.764221    0.510005    8.53375     1.61038    49.2312    3.62
-3.06466      1.95197     0.499765    1.94056    24.1013     2.94873    53.2843    20.1304
-4.08462      2.20265     0.235309    1.37111    39.6688     0.787088    3.33739    3.77
-1.12454      2.704     0.706397    0.232218    20.8039     3.4638    11.4436    19.5304
0.645982      2.95468     0.441941    1.66277    36.3715     1.30215    15.4967    7.22007
0.286106      3.20536     0.177485    1.09332    1.93904     2.6405    19.5499    0.62
-4.18442      3.45604     0.913029    0.523877    17.5066     0.478857    23.603    1.61
3.56636      3.70671     0.648573    1.95443    33.0741     1.81721    27.6561    22.1604
-1.22433      3.95739     0.384117    1.38498    48.6417     3.15557    31.7092    9.29012
-2.24429      4.20807     0.119661    0.815536    14.2092     0.993919    35.7623    1.45
2.48673      4.45875     0.855205    0.246089    29.7768     2.33227    39.8155    10.6501
-4.28421      4.70942     0.590749    1.67664    45.3443     0.170627    43.8686    3.07
-0.304168      4.9601     0.326293    1.1072    10.9119     1.50898    47.9217    1.61
1.4071      0.21078     0.0618375    0.537748    26.4794     2.84733    51.9748    36.5499
-4.384      0.962813     0.26847    0.829408    23.1821     3.3624    10.1342    16.0903
-0.403962      1.21349     0.00401371    0.259961    38.7496     1.20075    14.1873    2.8
-2.44388      1.71485     0.475102    1.12107    19.8847     0.377458    22.2935    2.91
-3.46384      1.96552     0.210646    0.55162    35.4523     1.71581    26.3467    5.04002
2.5281      2.2162     0.94619    1.98217    1.01982     3.05417    30.3998    0.29
-0.503757      2.46688     0.681734    1.41273    16.5874     0.89252    34.4529    3.2
1.80835      2.71756     0.417278    0.843279    32.1549     2.23087    38.506    6.32005
-2.54367      2.96824     0.152822    0.273832    47.7225     0.0692281    42.5591    2.89
0.728722      3.46959     0.62391    1.13494    28.8576     2.74594    50.6654    5.72004
-0.603551      3.72027     0.359454    0.565491    44.4251     0.58429    0.718487    3.7
-1.62351      3.97095     0.0949984    1.99604    9.99266     1.92264    4.77161    1.44
3.6491      4.22162     0.830542    1.4266    25.5602     3.261    8.82473    34.2603
-3.66343      4.4723     0.566087    0.857151    41.1278     1.09935    12.8778    4.43001
2.92934      4.72298     0.301631    0.287704    6.69531     2.43771    16.931    1.9
2.56947      4.97366     0.0371746    1.71826    22.2629     0.27606    20.9841    2.39
1.84972      0.475014     0.508263    0.579363    3.39796     2.95277    29.0903    8.14009
-3.76322      0.725692     0.243807    0.00991601    18.9655     0.791121    33.1434    2.35
0.770092      1.22705     0.714895    0.871022    0.100603     3.46783    41.2497    0.12
-1.8231      1.47773     0.450439    0.301575    15.6682     1.30618    45.3028    5.53003
0.0503415      1.7284     0.185983    1.73213    31.2357     2.64454    49.3559    16.1103
-4.88297      2.22976     0.657071    0.593234    12.3708     1.82124    3.46216    6.39005
2.97072      2.48044     0.392615    0.0237876    27.9383     3.1596    7.51528    7.36007
-1.92289      2.73111     0.128159    1.45434    43.5059     0.997953    11.5684    3.1
-2.94285      2.98179     0.863703    0.884894    9.07344     2.33631    15.6215    23.2004
1.89109      3.23247     0.599247    0.315447    24.641     0.174661    19.6746    2.65
-4.98277      3.48315     0.334792    1.746    40.2085     1.51301    23.7278    6.40005
1.17134      3.73383     0.0703356    1.17655    5.77609     2.85137    27.7809    1.73
0.811463      3.9845     0.80588    0.607106    21.3436     0.689723    31.834    3.81
-3.04265      4.23518     0.541424    0.0376591    36.9112     2.02808    35.8871    8.5901
0.0917117      4.48586     0.276968    1.46821    2.47874     3.36643    39.9402    0.64
-0.0825628      4.73654     0.0125118    0.898765    18.0463     1.20478    43.9933    1.86
-1.10252      4.98721     0.748056    0.329318    33.6138     2.54314    48.0465    10.5101
-3.14244      0.48857     0.219144    1.19042    14.7489     1.71985    2.1527    8.20009
1.93246      0.989926     0.690232    0.0515306    45.884     0.896554    10.2589    22.2004
-1.20232      1.2406     0.425776    1.48208    11.4516     2.23491    14.3121    3.53
1.21271      1.49128     0.16132    0.912637    27.0191     0.0732619    18.3652    2.7
-3.24223      1.74196     0.896864    0.34319    42.5867     1.41162    22.4183    69.4564
-4.26219      1.99264     0.632408    1.77374    8.15423     2.74997    26.4714    6.11004
0.133082      2.24331     0.367952    1.2043    23.7218     0.588324    30.5245    2.48
-1.30211      2.49399     0.103496    0.634849    39.2893     1.92668    34.5777    4.11
3.41333      2.74467     0.839041    0.0654022    4.85687     3.26503    38.6308    2.13
3.05346      2.99535     0.574585    1.49596    20.4244     1.10339    42.6839    2.81
-4.36199      3.24603     0.310129    0.926508    35.992     2.44174    46.737    9.44012
2.3337      3.4967     0.0456727    0.357061    1.55952     0.280093    50.7901    0.979999
-1.4019      3.74738     0.781217    1.78761    17.1271     1.61845    0.843254    61.9356
-2.42186      3.99806     0.516761    1.21817    32.6946     2.9568    4.89637    10.6001
1.25408      4.24874     0.252305    0.648721    48.2622     0.795155    8.94949    3.68
-4.46178      4.49941     0.987849    0.0792737    13.8297     2.13351    13.0026    2.01
0.534328      4.75009     0.723393    1.50983    29.3973     3.47186    17.0557    7.64008
0.174452      0.000770747     0.458937    0.94038    44.9648     1.31022    21.1089    0.04
-2.52166      0.251449     0.194481    0.370933    10.5324     2.64857    25.162    10.7602
-0.581534      1.00348     0.401113    0.662592    7.23501     3.16363    37.3213    4.43001
2.37508      1.25416     0.136657    0.0931453    22.8026     1.00199    41.3744    3.8
-3.64141      1.75552     0.607746    0.954251    3.93765     0.178695    49.4807    0.68
1.29545      2.00619     0.34329    0.384805    19.5052     1.51705    53.5338    2.65
-0.681328      2.25687     0.0788337    1.81536    35.0728     2.8554    3.58692    3.41
0.575698      2.50755     0.814378    1.24591    0.640299     0.693756    7.64004    0.999999
-2.72125      2.75823     0.549922    0.676464    16.2078     2.03211    11.6932    4.85002
-3.7412      3.0089     0.285466    0.107017    31.7754     3.37046    15.7463    5.69004
3.49607      3.25958     0.0210099    1.53757    47.3429     1.20882    19.7994    3.72
-0.781122      3.51026     0.756554    0.968123    12.9105     2.54717    23.8525    30.1806
-1.80108      3.76094     0.492098    0.398676    28.478     0.385526    27.9056    2.55
2.41645      4.01162     0.227642    1.82923    44.0456     1.72388    31.9588    9.20012
1.69669      4.51297     0.69873    0.690335    25.1807     0.900588    40.065    4.71001
-0.880916      4.76365     0.434274    0.120888    40.7482     2.23894    44.1181    10.4701
-3.94079      0.515683     0.640906    0.412548    37.4509     2.754    2.27747    847.045
-4.96075      0.76636     0.376451    1.8431    3.01843     0.592358    6.33059    0.64
3.53744      1.01704     0.111995    1.27365    18.586     1.93071    10.3837    4.94002
2.81769      1.51839     0.583083    0.13476    49.7211     1.10742    18.4899    20.3504
2.45782      1.76907     0.318627    1.56531    15.2886     2.44577    22.5431    11.2202
-0.0605457      2.01975     0.0541709    0.995866    30.8562     0.284127    26.5962    2.65
1.73806      2.27043     0.789715    0.426419    46.4237     1.62248    30.6493    15.0702
-2.10046      2.52111     0.525259    1.85697    11.9913     2.96083    34.7024    2.19
-3.12042      2.77178     0.260803    1.28753    27.5588     0.799189    38.7555    2.41
0.658438      3.02246     0.996347    0.718078    43.1264     2.13754    42.8087    146.998
-0.16034      3.27314     0.731891    0.148631    8.69392     3.4759    46.8618    20.0704
3.93869      3.52382     0.467435    1.57918    24.2615     1.31425    50.9149    4.08
3.57881      3.77449     0.202979    1.00974    39.829     2.6526    0.968021    5.10002
-3.22022      4.02517     0.938523    0.440291    5.39657     0.490959    5.02114    0.909999
2.85906      4.27585     0.674067    1.87084    20.9641     1.82931    9.07426    15.2803
-0.260134      4.52653     0.409611    1.3014    36.5317     3.16767    13.1274    10.7602
-1.28009      4.77721     0.145156    0.73195    2.09921     1.00602    17.1805    0.6
1.77943      0.0278831     0.8807    0.162503    17.6668     2.34437    21.2336    0.1
1.05968      0.529239     0.351788    1.02361    48.8019     1.52108    29.3399    32.8605
0.699809      0.779917     0.0873318    0.454162    14.3694     2.85944    33.393    4
3.98006      1.28127     0.55842    1.31527    45.5045     2.03614    41.4992    42.5189
-3.4198      1.53195     0.293964    0.745821    11.0721     3.3745    45.5523    3.5
